INITIAL POPULATION:
0,5,15,2,11,10,6,16,14,12,17,7,9,4,8,3,1,19,18,13
0,13,5,8,3,4,17,10,6,1,15,11,2,7,12,16,19,14,9,18
0,1,17,18,5,13,8,9,7,4,12,2,15,16,6,14,10,19,11,3
0,11,9,19,5,2,13,17,14,1,4,7,8,15,10,16,3,6,18,12
0,16,3,8,18,7,1,4,2,14,9,13,19,10,12,11,17,6,15,5
0,19,5,1,3,9,6,18,16,17,14,2,15,13,10,8,7,12,4,11
0,4,10,16,17,14,1,19,13,3,12,8,18,7,11,6,9,5,2,15
0,2,15,14,10,5,1,6,19,9,7,3,4,8,13,11,17,18,16,12
FITNESS:
0:395.683
1:407.48
2:379.923
3:416.542
4:399.183
5:380.501
6:398.196
7:397.885
SELECTED PAIRS
(5,3)
(0,5)
(0,4)
(5,5)
(2,0)
(2,5)
(5,5)
(2,0)
